0
5
19
0 1 9
0 1 10
0 1 13
0 1 32
0 1 33
0 1 34
0 1 35
0 1 36
0 1 37
0 1 38
0 1 39
0 1 40
0 1 41
0 1 42
0 1 43
0 1 44
0 1 45
0 1 46
0 1 47
0 1 48
0 1 49
0 1 50
0 1 51
0 1 52
0 1 53
0 1 54
0 1 55
0 1 56
0 1 57
0 1 58
0 1 59
0 1 60
0 1 61
0 1 62
0 1 63
0 1 64
0 1 65
0 1 66
0 1 67
0 1 68
0 1 69
0 1 70
0 1 71
0 1 72
0 1 73
0 1 74
0 1 75
0 1 76
0 1 77
0 1 78
0 1 79
0 1 80
0 1 81
0 1 82
0 1 83
0 1 84
0 1 85
0 1 86
0 1 87
0 1 88
0 1 89
0 1 90
0 1 91
0 1 92
0 1 93
0 1 94
0 1 95
0 1 96
0 1 97
0 1 98
0 1 99
0 1 100
0 1 101
0 1 103
0 1 104
0 1 105
0 1 106
0 1 107
0 1 108
0 1 109
0 1 110
0 1 111
0 1 112
0 1 113
0 1 114
0 1 115
0 1 116
0 1 117
0 1 118
0 1 119
0 1 120
0 1 121
0 1 122
0 1 123
0 1 124
0 1 125
0 1 126
0 6 102
1 7 13
1 1 9
1 1 10
1 1 32
1 1 33
1 1 34
1 1 35
1 1 36
1 1 37
1 1 38
1 1 39
1 1 40
1 1 41
1 1 42
1 1 43
1 1 44
1 1 45
1 1 46
1 1 47
1 1 48
1 1 49
1 1 50
1 1 51
1 1 52
1 1 53
1 1 54
1 1 55
1 1 56
1 1 57
1 1 58
1 1 59
1 1 60
1 1 61
1 1 62
1 1 63
1 1 64
1 1 65
1 1 66
1 1 67
1 1 68
1 1 69
1 1 70
1 1 71
1 1 72
1 1 73
1 1 74
1 1 75
1 1 76
1 1 77
1 1 78
1 1 79
1 1 80
1 1 81
1 1 82
1 1 83
1 1 84
1 1 85
1 1 86
1 1 87
1 1 88
1 1 89
1 1 90
1 1 91
1 1 92
1 1 93
1 1 94
1 1 95
1 1 96
1 1 97
1 1 98
1 1 99
1 1 100
1 1 101
1 1 102
1 1 103
1 1 104
1 1 105
1 1 106
1 1 107
1 1 108
1 1 109
1 1 110
1 1 111
1 1 112
1 1 113
1 1 114
1 1 115
1 1 116
1 1 117
1 1 118
1 1 119
1 1 120
1 1 121
1 1 122
1 1 123
1 1 124
1 1 125
1 1 126
2 2 45
2 2 46
2 2 48
2 2 49
2 2 50
2 2 51
2 2 52
2 2 53
2 2 54
2 2 55
2 2 56
2 2 57
2 2 65
2 2 66
2 2 67
2 2 68
2 2 69
2 2 70
2 2 71
2 2 72
2 2 73
2 2 74
2 2 75
2 2 76
2 2 77
2 2 78
2 2 79
2 2 80
2 2 81
2 2 82
2 2 83
2 2 84
2 2 85
2 2 86
2 2 87
2 2 88
2 2 89
2 2 90
2 2 95
2 2 97
2 2 98
2 2 99
2 2 100
2 2 101
2 2 102
2 2 103
2 2 104
2 2 105
2 2 106
2 2 107
2 2 108
2 2 109
2 2 110
2 2 111
2 2 112
2 2 113
2 2 114
2 2 115
2 2 116
2 2 117
2 2 118
2 2 119
2 2 120
2 2 121
2 2 122
2 19 62
2 18 13
2 1 9
2 1 10
2 1 32
2 1 33
2 1 34
2 1 35
2 1 36
2 1 37
2 1 38
2 1 39
2 1 40
2 1 41
2 1 42
2 1 43
2 1 44
2 1 47
2 1 58
2 1 59
2 1 60
2 1 61
2 1 63
2 1 64
2 1 91
2 1 92
2 1 93
2 1 94
2 1 96
2 1 123
2 1 124
2 1 125
2 1 126
3 3 45
3 3 46
3 3 48
3 3 49
3 3 50
3 3 51
3 3 52
3 3 53
3 3 54
3 3 55
3 3 56
3 3 57
3 3 65
3 3 66
3 3 67
3 3 68
3 3 69
3 3 70
3 3 71
3 3 72
3 3 73
3 3 74
3 3 75
3 3 76
3 3 77
3 3 78
3 3 79
3 3 80
3 3 81
3 3 82
3 3 83
3 3 84
3 3 85
3 3 86
3 3 87
3 3 88
3 3 89
3 3 90
3 3 95
3 3 97
3 3 98
3 3 99
3 3 100
3 3 101
3 3 102
3 3 103
3 3 104
3 3 105
3 3 106
3 3 107
3 3 108
3 3 109
3 3 110
3 3 111
3 3 112
3 3 113
3 3 114
3 3 115
3 3 116
3 3 117
3 3 118
3 3 119
3 3 120
3 3 121
3 3 122
3 16 64
3 7 13
3 1 9
3 1 10
3 1 32
3 1 33
3 1 34
3 1 35
3 1 36
3 1 37
3 1 38
3 1 39
3 1 40
3 1 41
3 1 42
3 1 43
3 1 44
3 1 47
3 1 58
3 1 59
3 1 60
3 1 61
3 1 62
3 1 63
3 1 91
3 1 92
3 1 93
3 1 94
3 1 96
3 1 123
3 1 124
3 1 125
3 1 126
4 13 32
4 13 34
4 13 64
4 2 45
4 4 46
4 4 48
4 4 49
4 4 50
4 4 51
4 4 52
4 4 53
4 4 54
4 4 55
4 4 56
4 4 57
4 4 65
4 4 66
4 4 67
4 4 68
4 4 69
4 4 70
4 4 71
4 4 72
4 4 73
4 4 74
4 4 75
4 4 76
4 4 77
4 4 78
4 4 79
4 4 80
4 4 81
4 4 82
4 4 83
4 4 84
4 4 85
4 4 86
4 4 87
4 4 88
4 4 89
4 4 90
4 4 95
4 4 97
4 4 98
4 4 99
4 4 100
4 4 101
4 4 102
4 4 103
4 4 104
4 4 105
4 4 106
4 4 107
4 4 108
4 4 109
4 4 110
4 4 111
4 4 112
4 4 113
4 4 114
4 4 115
4 4 116
4 4 117
4 4 118
4 4 119
4 4 120
4 4 121
4 4 122
4 15 60
4 19 62
4 18 13
4 1 9
4 1 10
4 1 33
4 1 35
4 1 36
4 1 37
4 1 38
4 1 39
4 1 40
4 1 41
4 1 42
4 1 43
4 1 44
4 1 47
4 1 58
4 1 59
4 1 61
4 1 63
4 1 91
4 1 92
4 1 93
4 1 94
4 1 96
4 1 123
4 1 124
4 1 125
4 1 126
5 5 9
5 5 10
5 5 13
5 5 32
5 5 33
5 5 34
5 5 35
5 5 36
5 5 37
5 5 38
5 5 39
5 5 40
5 5 41
5 5 42
5 5 43
5 5 44
5 5 45
5 5 46
5 5 47
5 5 48
5 5 49
5 5 50
5 5 51
5 5 52
5 5 53
5 5 54
5 5 55
5 5 56
5 5 57
5 5 58
5 5 59
5 5 60
5 5 61
5 5 62
5 5 63
5 5 64
5 5 65
5 5 66
5 5 67
5 5 68
5 5 69
5 5 70
5 5 71
5 5 72
5 5 73
5 5 74
5 5 75
5 5 76
5 5 77
5 5 78
5 5 79
5 5 80
5 5 81
5 5 82
5 5 83
5 5 84
5 5 85
5 5 86
5 5 87
5 5 88
5 5 89
5 5 90
5 5 91
5 5 92
5 5 93
5 5 94
5 5 95
5 5 96
5 5 97
5 5 98
5 5 99
5 5 100
5 5 101
5 5 102
5 5 103
5 5 104
5 5 105
5 5 106
5 5 107
5 5 108
5 5 109
5 5 110
5 5 111
5 5 112
5 5 113
5 5 114
5 5 115
5 5 116
5 5 117
5 5 118
5 5 119
5 5 120
5 5 121
5 5 122
5 5 123
5 5 124
5 5 125
5 5 126
6 7 13
6 1 9
6 1 10
6 1 32
6 1 33
6 1 34
6 1 35
6 1 36
6 1 37
6 1 38
6 1 39
6 1 40
6 1 41
6 1 42
6 1 43
6 1 44
6 1 45
6 1 46
6 1 47
6 1 48
6 1 49
6 1 50
6 1 51
6 1 52
6 1 53
6 1 54
6 1 55
6 1 56
6 1 57
6 1 58
6 1 59
6 1 60
6 1 61
6 1 62
6 1 63
6 1 64
6 1 65
6 1 66
6 1 67
6 1 68
6 1 69
6 1 70
6 1 71
6 1 72
6 1 73
6 1 74
6 1 75
6 1 76
6 1 77
6 1 78
6 1 79
6 1 80
6 1 81
6 1 82
6 1 83
6 1 84
6 1 85
6 1 86
6 1 87
6 1 88
6 1 89
6 1 90
6 1 91
6 1 92
6 1 93
6 1 94
6 1 95
6 1 96
6 1 97
6 1 98
6 1 99
6 1 100
6 1 101
6 1 102
6 1 103
6 1 104
6 1 105
6 1 106
6 1 107
6 1 108
6 1 109
6 1 110
6 1 111
6 1 112
6 1 113
6 1 115
6 1 116
6 1 117
6 1 118
6 1 119
6 1 120
6 1 121
6 1 122
6 1 123
6 1 124
6 1 125
6 1 126
6 8 114
7 9 10
7 7 13
7 1 9
7 1 32
7 1 33
7 1 34
7 1 35
7 1 36
7 1 37
7 1 38
7 1 39
7 1 40
7 1 41
7 1 42
7 1 43
7 1 44
7 1 45
7 1 46
7 1 47
7 1 48
7 1 49
7 1 50
7 1 51
7 1 52
7 1 53
7 1 54
7 1 55
7 1 56
7 1 57
7 1 58
7 1 59
7 1 60
7 1 61
7 1 62
7 1 63
7 1 64
7 1 65
7 1 66
7 1 67
7 1 68
7 1 69
7 1 70
7 1 71
7 1 72
7 1 73
7 1 74
7 1 75
7 1 76
7 1 77
7 1 78
7 1 79
7 1 80
7 1 81
7 1 82
7 1 83
7 1 84
7 1 85
7 1 86
7 1 87
7 1 88
7 1 89
7 1 90
7 1 91
7 1 92
7 1 93
7 1 94
7 1 95
7 1 96
7 1 97
7 1 98
7 1 99
7 1 100
7 1 101
7 1 102
7 1 103
7 1 104
7 1 105
7 1 106
7 1 107
7 1 108
7 1 109
7 1 110
7 1 111
7 1 112
7 1 113
7 1 114
7 1 115
7 1 116
7 1 117
7 1 118
7 1 119
7 1 120
7 1 121
7 1 122
7 1 123
7 1 124
7 1 125
7 1 126
8 7 13
8 1 9
8 1 10
8 1 32
8 1 33
8 1 34
8 1 35
8 1 36
8 1 37
8 1 38
8 1 39
8 1 40
8 1 41
8 1 42
8 1 43
8 1 44
8 1 45
8 1 46
8 1 47
8 1 48
8 1 49
8 1 50
8 1 51
8 1 52
8 1 53
8 1 54
8 1 55
8 1 56
8 1 57
8 1 58
8 1 59
8 1 60
8 1 61
8 1 62
8 1 63
8 1 64
8 1 65
8 1 66
8 1 67
8 1 68
8 1 69
8 1 70
8 1 71
8 1 72
8 1 73
8 1 74
8 1 75
8 1 76
8 1 77
8 1 78
8 1 79
8 1 80
8 1 81
8 1 82
8 1 83
8 1 84
8 1 85
8 1 86
8 1 87
8 1 88
8 1 89
8 1 90
8 1 91
8 1 92
8 1 93
8 1 94
8 1 95
8 1 96
8 1 97
8 1 98
8 1 99
8 1 100
8 1 101
8 1 102
8 1 103
8 1 104
8 1 105
8 1 106
8 1 107
8 1 108
8 1 109
8 1 110
8 1 112
8 1 113
8 1 114
8 1 115
8 1 116
8 1 117
8 1 118
8 1 119
8 1 120
8 1 121
8 1 122
8 1 123
8 1 124
8 1 125
8 1 126
8 10 111
9 7 13
9 1 9
9 1 10
9 1 32
9 1 33
9 1 34
9 1 35
9 1 36
9 1 37
9 1 38
9 1 39
9 1 40
9 1 41
9 1 42
9 1 43
9 1 44
9 1 45
9 1 46
9 1 47
9 1 48
9 1 49
9 1 50
9 1 51
9 1 52
9 1 53
9 1 54
9 1 55
9 1 56
9 1 57
9 1 58
9 1 59
9 1 60
9 1 61
9 1 62
9 1 63
9 1 64
9 1 65
9 1 66
9 1 67
9 1 68
9 1 69
9 1 70
9 1 71
9 1 72
9 1 73
9 1 74
9 1 75
9 1 76
9 1 77
9 1 78
9 1 79
9 1 80
9 1 81
9 1 82
9 1 83
9 1 84
9 1 85
9 1 86
9 1 87
9 1 88
9 1 89
9 1 90
9 1 91
9 1 92
9 1 93
9 1 94
9 1 95
9 1 96
9 1 97
9 1 98
9 1 99
9 1 100
9 1 101
9 1 103
9 1 104
9 1 105
9 1 106
9 1 107
9 1 108
9 1 109
9 1 110
9 1 111
9 1 112
9 1 113
9 1 114
9 1 115
9 1 116
9 1 117
9 1 118
9 1 119
9 1 120
9 1 121
9 1 122
9 1 123
9 1 124
9 1 125
9 1 126
9 6 102
10 7 13
10 1 9
10 1 10
10 1 32
10 1 33
10 1 34
10 1 35
10 1 36
10 1 37
10 1 38
10 1 39
10 1 40
10 1 41
10 1 42
10 1 43
10 1 44
10 1 45
10 1 46
10 1 47
10 1 48
10 1 49
10 1 50
10 1 51
10 1 52
10 1 53
10 1 54
10 1 55
10 1 56
10 1 57
10 1 58
10 1 59
10 1 60
10 1 61
10 1 62
10 1 63
10 1 64
10 1 65
10 1 66
10 1 67
10 1 68
10 1 69
10 1 70
10 1 71
10 1 72
10 1 73
10 1 74
10 1 75
10 1 76
10 1 77
10 1 78
10 1 79
10 1 80
10 1 81
10 1 82
10 1 83
10 1 84
10 1 85
10 1 86
10 1 87
10 1 88
10 1 89
10 1 90
10 1 91
10 1 92
10 1 93
10 1 94
10 1 95
10 1 96
10 1 97
10 1 98
10 1 99
10 1 100
10 1 101
10 1 102
10 1 103
10 1 104
10 1 105
10 1 106
10 1 107
10 1 108
10 1 110
10 1 111
10 1 112
10 1 113
10 1 114
10 1 115
10 1 116
10 1 117
10 1 118
10 1 119
10 1 120
10 1 121
10 1 122
10 1 123
10 1 124
10 1 125
10 1 126
10 11 109
11 12 58
11 7 13
11 1 9
11 1 10
11 1 32
11 1 33
11 1 34
11 1 35
11 1 36
11 1 37
11 1 38
11 1 39
11 1 40
11 1 41
11 1 42
11 1 43
11 1 44
11 1 45
11 1 46
11 1 47
11 1 48
11 1 49
11 1 50
11 1 51
11 1 52
11 1 53
11 1 54
11 1 55
11 1 56
11 1 57
11 1 59
11 1 60
11 1 61
11 1 62
11 1 63
11 1 64
11 1 65
11 1 66
11 1 67
11 1 68
11 1 69
11 1 70
11 1 71
11 1 72
11 1 73
11 1 74
11 1 75
11 1 76
11 1 77
11 1 78
11 1 79
11 1 80
11 1 81
11 1 82
11 1 83
11 1 84
11 1 85
11 1 86
11 1 87
11 1 88
11 1 89
11 1 90
11 1 91
11 1 92
11 1 93
11 1 94
11 1 95
11 1 96
11 1 97
11 1 98
11 1 99
11 1 100
11 1 101
11 1 102
11 1 103
11 1 104
11 1 105
11 1 106
11 1 107
11 1 108
11 1 109
11 1 110
11 1 111
11 1 112
11 1 113
11 1 114
11 1 115
11 1 116
11 1 117
11 1 118
11 1 119
11 1 120
11 1 121
11 1 122
11 1 123
11 1 124
11 1 125
11 1 126
12 13 32
12 13 34
12 13 64
12 3 45
12 14 46
12 14 48
12 14 49
12 14 50
12 14 51
12 14 52
12 14 53
12 14 54
12 14 55
12 14 56
12 14 57
12 14 65
12 14 66
12 14 67
12 14 68
12 14 69
12 14 70
12 14 71
12 14 72
12 14 73
12 14 74
12 14 75
12 14 76
12 14 77
12 14 78
12 14 79
12 14 80
12 14 81
12 14 82
12 14 83
12 14 84
12 14 85
12 14 86
12 14 87
12 14 88
12 14 89
12 14 90
12 14 95
12 14 97
12 14 98
12 14 99
12 14 100
12 14 101
12 14 102
12 14 103
12 14 104
12 14 105
12 14 106
12 14 107
12 14 108
12 14 109
12 14 110
12 14 111
12 14 112
12 14 113
12 14 114
12 14 115
12 14 116
12 14 117
12 14 118
12 14 119
12 14 120
12 14 121
12 14 122
12 7 13
12 1 9
12 1 10
12 1 33
12 1 35
12 1 36
12 1 37
12 1 38
12 1 39
12 1 40
12 1 41
12 1 42
12 1 43
12 1 44
12 1 47
12 1 58
12 1 59
12 1 60
12 1 61
12 1 62
12 1 63
12 1 91
12 1 92
12 1 93
12 1 94
12 1 96
12 1 123
12 1 124
12 1 125
12 1 126
13 13 32
13 13 34
13 13 46
13 13 48
13 13 49
13 13 50
13 13 51
13 13 52
13 13 53
13 13 54
13 13 55
13 13 56
13 13 57
13 13 64
13 13 65
13 13 66
13 13 67
13 13 68
13 13 69
13 13 70
13 13 71
13 13 72
13 13 73
13 13 74
13 13 75
13 13 76
13 13 77
13 13 78
13 13 79
13 13 80
13 13 81
13 13 82
13 13 83
13 13 84
13 13 85
13 13 86
13 13 87
13 13 88
13 13 89
13 13 90
13 13 95
13 13 97
13 13 98
13 13 99
13 13 100
13 13 101
13 13 102
13 13 103
13 13 104
13 13 105
13 13 106
13 13 107
13 13 108
13 13 109
13 13 110
13 13 111
13 13 112
13 13 113
13 13 114
13 13 115
13 13 116
13 13 117
13 13 118
13 13 119
13 13 120
13 13 121
13 13 122
13 15 60
13 7 13
13 1 9
13 1 10
13 1 33
13 1 35
13 1 36
13 1 37
13 1 38
13 1 39
13 1 40
13 1 41
13 1 42
13 1 43
13 1 44
13 1 45
13 1 47
13 1 58
13 1 59
13 1 61
13 1 62
13 1 63
13 1 91
13 1 92
13 1 93
13 1 94
13 1 96
13 1 123
13 1 124
13 1 125
13 1 126
14 13 32
14 13 34
14 3 45
14 14 46
14 14 48
14 14 49
14 14 50
14 14 51
14 14 52
14 14 53
14 14 54
14 14 55
14 14 56
14 14 57
14 14 65
14 14 66
14 14 67
14 14 68
14 14 69
14 14 70
14 14 71
14 14 72
14 14 73
14 14 74
14 14 75
14 14 76
14 14 77
14 14 78
14 14 79
14 14 80
14 14 81
14 14 82
14 14 83
14 14 84
14 14 85
14 14 86
14 14 87
14 14 88
14 14 89
14 14 90
14 14 95
14 14 97
14 14 98
14 14 99
14 14 100
14 14 101
14 14 102
14 14 103
14 14 104
14 14 105
14 14 106
14 14 107
14 14 108
14 14 109
14 14 110
14 14 111
14 14 112
14 14 113
14 14 114
14 14 115
14 14 116
14 14 117
14 14 118
14 14 119
14 14 120
14 14 121
14 14 122
14 15 60
14 17 64
14 7 13
14 1 9
14 1 10
14 1 33
14 1 35
14 1 36
14 1 37
14 1 38
14 1 39
14 1 40
14 1 41
14 1 42
14 1 43
14 1 44
14 1 47
14 1 58
14 1 59
14 1 61
14 1 62
14 1 63
14 1 91
14 1 92
14 1 93
14 1 94
14 1 96
14 1 123
14 1 124
14 1 125
14 1 126
15 3 45
15 3 46
15 3 48
15 3 49
15 3 50
15 3 51
15 3 52
15 3 53
15 3 54
15 3 55
15 3 56
15 3 57
15 3 65
15 3 66
15 3 67
15 3 68
15 3 69
15 3 70
15 3 71
15 3 72
15 3 73
15 3 74
15 3 75
15 3 76
15 3 77
15 3 78
15 3 79
15 3 80
15 3 81
15 3 82
15 3 83
15 3 84
15 3 85
15 3 86
15 3 87
15 3 88
15 3 89
15 3 90
15 3 95
15 3 97
15 3 98
15 3 99
15 3 100
15 3 101
15 3 102
15 3 103
15 3 104
15 3 105
15 3 106
15 3 107
15 3 108
15 3 109
15 3 110
15 3 111
15 3 112
15 3 113
15 3 114
15 3 115
15 3 116
15 3 117
15 3 118
15 3 119
15 3 120
15 3 121
15 3 122
15 7 13
15 1 9
15 1 10
15 1 32
15 1 33
15 1 34
15 1 35
15 1 36
15 1 37
15 1 38
15 1 39
15 1 40
15 1 41
15 1 42
15 1 43
15 1 44
15 1 47
15 1 58
15 1 59
15 1 60
15 1 61
15 1 62
15 1 63
15 1 64
15 1 91
15 1 92
15 1 93
15 1 94
15 1 96
15 1 123
15 1 124
15 1 125
15 1 126
16 2 45
16 2 46
16 2 48
16 2 49
16 2 50
16 2 51
16 2 52
16 2 53
16 2 54
16 2 55
16 2 56
16 2 57
16 2 65
16 2 66
16 2 67
16 2 68
16 2 69
16 2 70
16 2 71
16 2 72
16 2 73
16 2 74
16 2 75
16 2 76
16 2 77
16 2 78
16 2 79
16 2 80
16 2 81
16 2 82
16 2 83
16 2 84
16 2 85
16 2 86
16 2 87
16 2 88
16 2 89
16 2 90
16 2 95
16 2 97
16 2 98
16 2 99
16 2 100
16 2 101
16 2 102
16 2 103
16 2 104
16 2 105
16 2 106
16 2 107
16 2 108
16 2 109
16 2 110
16 2 111
16 2 112
16 2 113
16 2 114
16 2 115
16 2 116
16 2 117
16 2 118
16 2 119
16 2 120
16 2 121
16 2 122
16 7 13
16 1 9
16 1 10
16 1 32
16 1 33
16 1 34
16 1 35
16 1 36
16 1 37
16 1 38
16 1 39
16 1 40
16 1 41
16 1 42
16 1 43
16 1 44
16 1 47
16 1 58
16 1 59
16 1 60
16 1 61
16 1 62
16 1 63
16 1 64
16 1 91
16 1 92
16 1 93
16 1 94
16 1 96
16 1 123
16 1 124
16 1 125
16 1 126
17 13 32
17 13 34
17 13 64
17 2 45
17 4 46
17 4 48
17 4 49
17 4 50
17 4 51
17 4 52
17 4 53
17 4 54
17 4 55
17 4 56
17 4 57
17 4 65
17 4 66
17 4 67
17 4 68
17 4 69
17 4 70
17 4 71
17 4 72
17 4 73
17 4 74
17 4 75
17 4 76
17 4 77
17 4 78
17 4 79
17 4 80
17 4 81
17 4 82
17 4 83
17 4 84
17 4 85
17 4 86
17 4 87
17 4 88
17 4 89
17 4 90
17 4 95
17 4 97
17 4 98
17 4 99
17 4 100
17 4 101
17 4 102
17 4 103
17 4 104
17 4 105
17 4 106
17 4 107
17 4 108
17 4 109
17 4 110
17 4 111
17 4 112
17 4 113
17 4 114
17 4 115
17 4 116
17 4 117
17 4 118
17 4 119
17 4 120
17 4 121
17 4 122
17 15 60
17 7 13
17 1 9
17 1 10
17 1 33
17 1 35
17 1 36
17 1 37
17 1 38
17 1 39
17 1 40
17 1 41
17 1 42
17 1 43
17 1 44
17 1 47
17 1 58
17 1 59
17 1 61
17 1 62
17 1 63
17 1 91
17 1 92
17 1 93
17 1 94
17 1 96
17 1 123
17 1 124
17 1 125
17 1 126
18 5 10
18 7 13
18 1 9
18 1 32
18 1 33
18 1 34
18 1 35
18 1 36
18 1 37
18 1 38
18 1 39
18 1 40
18 1 41
18 1 42
18 1 43
18 1 44
18 1 45
18 1 46
18 1 47
18 1 48
18 1 49
18 1 50
18 1 51
18 1 52
18 1 53
18 1 54
18 1 55
18 1 56
18 1 57
18 1 58
18 1 59
18 1 60
18 1 61
18 1 62
18 1 63
18 1 64
18 1 65
18 1 66
18 1 67
18 1 68
18 1 69
18 1 70
18 1 71
18 1 72
18 1 73
18 1 74
18 1 75
18 1 76
18 1 77
18 1 78
18 1 79
18 1 80
18 1 81
18 1 82
18 1 83
18 1 84
18 1 85
18 1 86
18 1 87
18 1 88
18 1 89
18 1 90
18 1 91
18 1 92
18 1 93
18 1 94
18 1 95
18 1 96
18 1 97
18 1 98
18 1 99
18 1 100
18 1 101
18 1 102
18 1 103
18 1 104
18 1 105
18 1 106
18 1 107
18 1 108
18 1 109
18 1 110
18 1 111
18 1 112
18 1 113
18 1 114
18 1 115
18 1 116
18 1 117
18 1 118
18 1 119
18 1 120
18 1 121
18 1 122
18 1 123
18 1 124
18 1 125
18 1 126
19 18 13
19 1 9
19 1 10
19 1 32
19 1 33
19 1 34
19 1 35
19 1 36
19 1 37
19 1 38
19 1 39
19 1 40
19 1 41
19 1 42
19 1 43
19 1 44
19 1 45
19 1 46
19 1 47
19 1 48
19 1 49
19 1 50
19 1 51
19 1 52
19 1 53
19 1 54
19 1 55
19 1 56
19 1 57
19 1 58
19 1 59
19 1 60
19 1 61
19 1 62
19 1 63
19 1 64
19 1 65
19 1 66
19 1 67
19 1 68
19 1 69
19 1 70
19 1 71
19 1 72
19 1 73
19 1 74
19 1 75
19 1 76
19 1 77
19 1 78
19 1 79
19 1 80
19 1 81
19 1 82
19 1 83
19 1 84
19 1 85
19 1 86
19 1 87
19 1 88
19 1 89
19 1 90
19 1 91
19 1 92
19 1 93
19 1 94
19 1 95
19 1 96
19 1 97
19 1 98
19 1 99
19 1 100
19 1 101
19 1 102
19 1 103
19 1 104
19 1 105
19 1 106
19 1 107
19 1 108
19 1 109
19 1 110
19 1 111
19 1 112
19 1 113
19 1 114
19 1 115
19 1 116
19 1 117
19 1 118
19 1 119
19 1 120
19 1 121
19 1 122
19 1 123
19 1 124
19 1 125
19 1 126
