0
8
8
0 1 72
0 0 9
0 0 10
0 0 13
0 0 32
0 0 33
0 0 34
0 0 35
0 0 36
0 0 37
0 0 38
0 0 39
0 0 40
0 0 41
0 0 42
0 0 43
0 0 44
0 0 45
0 0 46
0 0 47
0 0 48
0 0 49
0 0 50
0 0 51
0 0 52
0 0 53
0 0 54
0 0 55
0 0 56
0 0 57
0 0 58
0 0 59
0 0 60
0 0 61
0 0 62
0 0 63
0 0 64
0 0 65
0 0 66
0 0 67
0 0 68
0 0 69
0 0 70
0 0 71
0 0 73
0 0 74
0 0 75
0 0 76
0 0 77
0 0 78
0 0 79
0 0 80
0 0 81
0 0 82
0 0 83
0 0 84
0 0 85
0 0 86
0 0 87
0 0 88
0 0 89
0 0 90
0 0 91
0 0 92
0 0 93
0 0 94
0 0 95
0 0 96
0 0 97
0 0 98
0 0 99
0 0 100
0 0 101
0 0 102
0 0 103
0 0 104
0 0 105
0 0 106
0 0 107
0 0 108
0 0 109
0 0 110
0 0 111
0 0 112
0 0 113
0 0 114
0 0 115
0 0 116
0 0 117
0 0 118
0 0 119
0 0 120
0 0 121
0 0 122
0 0 123
0 0 124
0 0 125
0 0 126
1 1 72
1 0 9
1 0 10
1 0 13
1 0 32
1 0 33
1 0 34
1 0 35
1 0 36
1 0 37
1 0 38
1 0 39
1 0 40
1 0 41
1 0 42
1 0 43
1 0 44
1 0 45
1 0 46
1 0 47
1 0 48
1 0 49
1 0 50
1 0 51
1 0 52
1 0 53
1 0 54
1 0 55
1 0 56
1 0 57
1 0 58
1 0 59
1 0 60
1 0 61
1 0 62
1 0 63
1 0 64
1 0 65
1 0 66
1 0 67
1 0 68
1 0 69
1 0 70
1 0 71
1 0 73
1 0 74
1 0 75
1 0 76
1 0 77
1 0 78
1 0 79
1 0 80
1 0 81
1 0 82
1 0 83
1 0 84
1 0 85
1 0 86
1 0 87
1 0 88
1 0 89
1 0 90
1 0 91
1 0 92
1 0 93
1 0 94
1 0 95
1 0 96
1 0 97
1 0 98
1 0 99
1 0 100
1 0 102
1 0 103
1 0 104
1 0 105
1 0 106
1 0 107
1 0 108
1 0 109
1 0 110
1 0 111
1 0 112
1 0 113
1 0 114
1 0 115
1 0 116
1 0 117
1 0 118
1 0 119
1 0 120
1 0 121
1 0 122
1 0 123
1 0 124
1 0 125
1 0 126
1 2 101
2 1 72
2 0 9
2 0 10
2 0 13
2 0 32
2 0 33
2 0 34
2 0 35
2 0 36
2 0 37
2 0 38
2 0 39
2 0 40
2 0 41
2 0 42
2 0 43
2 0 44
2 0 45
2 0 46
2 0 47
2 0 48
2 0 49
2 0 50
2 0 51
2 0 52
2 0 53
2 0 54
2 0 55
2 0 56
2 0 57
2 0 58
2 0 59
2 0 60
2 0 61
2 0 62
2 0 63
2 0 64
2 0 65
2 0 66
2 0 67
2 0 68
2 0 69
2 0 70
2 0 71
2 0 73
2 0 74
2 0 75
2 0 76
2 0 77
2 0 78
2 0 79
2 0 80
2 0 81
2 0 82
2 0 83
2 0 84
2 0 85
2 0 86
2 0 87
2 0 88
2 0 89
2 0 90
2 0 91
2 0 92
2 0 93
2 0 94
2 0 95
2 0 96
2 0 97
2 0 98
2 0 99
2 0 100
2 0 101
2 0 102
2 0 103
2 0 104
2 0 105
2 0 106
2 0 107
2 0 109
2 0 110
2 0 111
2 0 112
2 0 113
2 0 114
2 0 115
2 0 116
2 0 117
2 0 118
2 0 119
2 0 120
2 0 121
2 0 122
2 0 123
2 0 124
2 0 125
2 0 126
2 3 108
3 1 72
3 0 9
3 0 10
3 0 13
3 0 32
3 0 33
3 0 34
3 0 35
3 0 36
3 0 37
3 0 38
3 0 39
3 0 40
3 0 41
3 0 42
3 0 43
3 0 44
3 0 45
3 0 46
3 0 47
3 0 48
3 0 49
3 0 50
3 0 51
3 0 52
3 0 53
3 0 54
3 0 55
3 0 56
3 0 57
3 0 58
3 0 59
3 0 60
3 0 61
3 0 62
3 0 63
3 0 64
3 0 65
3 0 66
3 0 67
3 0 68
3 0 69
3 0 70
3 0 71
3 0 73
3 0 74
3 0 75
3 0 76
3 0 77
3 0 78
3 0 79
3 0 80
3 0 81
3 0 82
3 0 83
3 0 84
3 0 85
3 0 86
3 0 87
3 0 88
3 0 89
3 0 90
3 0 91
3 0 92
3 0 93
3 0 94
3 0 95
3 0 96
3 0 97
3 0 98
3 0 99
3 0 100
3 0 101
3 0 102
3 0 103
3 0 104
3 0 105
3 0 106
3 0 107
3 0 109
3 0 110
3 0 111
3 0 112
3 0 113
3 0 114
3 0 115
3 0 116
3 0 117
3 0 118
3 0 119
3 0 120
3 0 121
3 0 122
3 0 123
3 0 124
3 0 125
3 0 126
3 4 108
4 1 72
4 0 9
4 0 10
4 0 13
4 0 32
4 0 33
4 0 34
4 0 35
4 0 36
4 0 37
4 0 38
4 0 39
4 0 40
4 0 41
4 0 42
4 0 43
4 0 44
4 0 45
4 0 46
4 0 47
4 0 48
4 0 49
4 0 50
4 0 51
4 0 52
4 0 53
4 0 54
4 0 55
4 0 56
4 0 57
4 0 58
4 0 59
4 0 60
4 0 61
4 0 62
4 0 63
4 0 64
4 0 65
4 0 66
4 0 67
4 0 68
4 0 69
4 0 70
4 0 71
4 0 73
4 0 74
4 0 75
4 0 76
4 0 77
4 0 78
4 0 79
4 0 80
4 0 81
4 0 82
4 0 83
4 0 84
4 0 85
4 0 86
4 0 87
4 0 88
4 0 89
4 0 90
4 0 91
4 0 92
4 0 93
4 0 94
4 0 95
4 0 96
4 0 97
4 0 98
4 0 99
4 0 100
4 0 101
4 0 102
4 0 103
4 0 104
4 0 105
4 0 106
4 0 107
4 0 108
4 0 109
4 0 110
4 0 112
4 0 113
4 0 114
4 0 115
4 0 116
4 0 117
4 0 118
4 0 119
4 0 120
4 0 121
4 0 122
4 0 123
4 0 124
4 0 125
4 0 126
4 5 111
5 6 32
5 1 72
5 0 9
5 0 10
5 0 13
5 0 33
5 0 34
5 0 35
5 0 36
5 0 37
5 0 38
5 0 39
5 0 40
5 0 41
5 0 42
5 0 43
5 0 44
5 0 45
5 0 46
5 0 47
5 0 48
5 0 49
5 0 50
5 0 51
5 0 52
5 0 53
5 0 54
5 0 55
5 0 56
5 0 57
5 0 58
5 0 59
5 0 60
5 0 61
5 0 62
5 0 63
5 0 64
5 0 65
5 0 66
5 0 67
5 0 68
5 0 69
5 0 70
5 0 71
5 0 73
5 0 74
5 0 75
5 0 76
5 0 77
5 0 78
5 0 79
5 0 80
5 0 81
5 0 82
5 0 83
5 0 84
5 0 85
5 0 86
5 0 87
5 0 88
5 0 89
5 0 90
5 0 91
5 0 92
5 0 93
5 0 94
5 0 95
5 0 96
5 0 97
5 0 98
5 0 99
5 0 100
5 0 101
5 0 102
5 0 103
5 0 104
5 0 105
5 0 106
5 0 107
5 0 108
5 0 109
5 0 110
5 0 111
5 0 112
5 0 113
5 0 114
5 0 115
5 0 116
5 0 117
5 0 118
5 0 119
5 0 120
5 0 121
5 0 122
5 0 123
5 0 124
5 0 125
5 0 126
6 1 72
6 0 9
6 0 10
6 0 13
6 0 32
6 0 33
6 0 34
6 0 35
6 0 36
6 0 37
6 0 38
6 0 39
6 0 40
6 0 41
6 0 42
6 0 43
6 0 44
6 0 45
6 0 46
6 0 47
6 0 48
6 0 49
6 0 50
6 0 51
6 0 52
6 0 53
6 0 54
6 0 55
6 0 56
6 0 57
6 0 58
6 0 59
6 0 60
6 0 61
6 0 62
6 0 63
6 0 64
6 0 65
6 0 66
6 0 67
6 0 68
6 0 69
6 0 70
6 0 71
6 0 73
6 0 74
6 0 75
6 0 76
6 0 77
6 0 78
6 0 79
6 0 80
6 0 81
6 0 82
6 0 83
6 0 84
6 0 85
6 0 86
6 0 87
6 0 88
6 0 89
6 0 90
6 0 91
6 0 92
6 0 93
6 0 94
6 0 95
6 0 96
6 0 123
6 0 124
6 0 125
6 0 126
6 7 97
6 7 98
6 7 99
6 7 100
6 7 101
6 7 102
6 7 103
6 7 104
6 7 105
6 7 106
6 7 107
6 7 108
6 7 109
6 7 110
6 7 111
6 7 112
6 7 113
6 7 114
6 7 115
6 7 116
6 7 117
6 7 118
6 7 119
6 7 120
6 7 121
6 7 122
7 8 33
7 1 72
7 0 9
7 0 10
7 0 13
7 0 32
7 0 34
7 0 35
7 0 36
7 0 37
7 0 38
7 0 39
7 0 40
7 0 41
7 0 42
7 0 43
7 0 44
7 0 45
7 0 46
7 0 47
7 0 48
7 0 49
7 0 50
7 0 51
7 0 52
7 0 53
7 0 54
7 0 55
7 0 56
7 0 57
7 0 58
7 0 59
7 0 60
7 0 61
7 0 62
7 0 63
7 0 64
7 0 65
7 0 66
7 0 67
7 0 68
7 0 69
7 0 70
7 0 71
7 0 73
7 0 74
7 0 75
7 0 76
7 0 77
7 0 78
7 0 79
7 0 80
7 0 81
7 0 82
7 0 83
7 0 84
7 0 85
7 0 86
7 0 87
7 0 88
7 0 89
7 0 90
7 0 91
7 0 92
7 0 93
7 0 94
7 0 95
7 0 96
7 0 123
7 0 124
7 0 125
7 0 126
7 7 97
7 7 98
7 7 99
7 7 100
7 7 101
7 7 102
7 7 103
7 7 104
7 7 105
7 7 106
7 7 107
7 7 108
7 7 109
7 7 110
7 7 111
7 7 112
7 7 113
7 7 114
7 7 115
7 7 116
7 7 117
7 7 118
7 7 119
7 7 120
7 7 121
7 7 122
8 8 9
8 8 10
8 8 13
8 8 32
8 8 33
8 8 34
8 8 35
8 8 36
8 8 37
8 8 38
8 8 39
8 8 40
8 8 41
8 8 42
8 8 43
8 8 44
8 8 45
8 8 46
8 8 47
8 8 48
8 8 49
8 8 50
8 8 51
8 8 52
8 8 53
8 8 54
8 8 55
8 8 56
8 8 57
8 8 58
8 8 59
8 8 60
8 8 61
8 8 62
8 8 63
8 8 64
8 8 65
8 8 66
8 8 67
8 8 68
8 8 69
8 8 70
8 8 71
8 8 72
8 8 73
8 8 74
8 8 75
8 8 76
8 8 77
8 8 78
8 8 79
8 8 80
8 8 81
8 8 82
8 8 83
8 8 84
8 8 85
8 8 86
8 8 87
8 8 88
8 8 89
8 8 90
8 8 91
8 8 92
8 8 93
8 8 94
8 8 95
8 8 96
8 8 97
8 8 98
8 8 99
8 8 100
8 8 101
8 8 102
8 8 103
8 8 104
8 8 105
8 8 106
8 8 107
8 8 108
8 8 109
8 8 110
8 8 111
8 8 112
8 8 113
8 8 114
8 8 115
8 8 116
8 8 117
8 8 118
8 8 119
8 8 120
8 8 121
8 8 122
8 8 123
8 8 124
8 8 125
8 8 126
